agents: 14
6 15 17 6
11 15 8 4
13 15 4 4
7 15 16 4
9 15 12 4
12 15 5 4
14 15 1 6
5 15 17 2
8 15 13 6
19 15 0 0
18 15 1 2
15 15 8 0
1 15 9 2
2 15 12 0
map: 20, 16
2 0
2 1
2 2
2 3
2 4
2 5
2 6
2 7
2 8
2 9
3 0
3 1
3 2
3 3
3 4
3 5
3 6
3 7
3 8
3 9
6 0
6 1
6 2
6 3
6 4
6 5
6 6
6 7
6 8
6 9
7 0
7 1
7 2
7 3
7 4
7 5
7 6
7 7
7 8
7 9
10 0
10 1
10 2
10 3
10 4
10 5
10 6
10 7
10 8
10 9
11 0
11 1
11 2
11 3
11 4
11 5
11 6
11 7
11 8
11 9
14 0
14 1
14 2
14 3
14 4
14 5
14 6
14 7
14 8
14 9
15 0
15 1
15 2
15 3
15 4
15 5
15 6
15 7
15 8
15 9
18 0
18 1
18 2
18 3
18 4
18 5
18 6
18 7
18 8
18 9
19 0
19 1
19 2
19 3
19 4
19 5
19 6
19 7
19 8
19 9
